1147
1148
1149
1150
1151
1152
1156
1160
1161
1162
1164
1166
1174
1175
1176
1177
1178
1183
1184
1186
1187
1189
1190
1193
1194
1196
1197
1519
1525
1527
1528
1531
1550
1555
1558
1559
1570
1571
1573
1574
1603
1619
1634
1636
1639
1641
1642
1647
1648
1649
1654
1655
1657
1658
1662
1663
1664
1667
1671
1688
1689
1701
1730
1731
1732
1733
1735
1751
1753
1755
1757
1758
1761
1762
1764
1769
1770
1772
1777
1778
1780
1781
1785
1791
1793
1794
1799
1800
1814
1816
1818
1513
1827
1505
1831
1509
1834
1836
1512
1515
1840
1517
1841
1524
1532
1842
1534
1844
1536
1541
1845
1546
1846
1557
1850
1562
1566
1852
1567
1855
1568
1858
1569
1572
1575
1863
1579
1594
1865
1598
1605
1867
1607
1887
1624
1645
1888
1650
1652
1514
1951
1717
1518
1952
1719
1736
1955
1737
1956
1738
1521
1740
1961
1749
1526
1962
1771
1530
1964
1782
1535
1783
1966
1921
1537
1969
1922
1540
1970
1925
1544
1934
1973
1937
1548
1975
1947
1561
1979
1949
1563
1977
1983
1564
2004
1984
2010
1565
2013
1986
1599
2119
1988
1600
2122
1991
2123
1604
1992
2126
1606
2133
1994
1608
2358
1995
2359
1611
2360
1617
1997
2361
1623
2363
1998
2365
1625
2000
2366
1627
2001
2367
1628
2368
2002
1630
2369
2003
2370
1632
2372
2005
1695
2399
2006
2402
1698
2404
2008
1700
2406
2014
1704
2407
2408
2018
1708
2409
2023
1710
2410
2024
2411
1718
2412
2027
1720
2444
2028
1723
2448
2029
1726
2453
2454
1843
2031
2455
1853
2459
2033
1854
2461
2036
1860
2465
2037
2469
1864
2472
2039
1868
2494
1871
2042
2499
2501
1874
2044
2503
2046
1877
2507
2049
1880
2513
2515
1881
2050
2518
1923
2054
2520
1924
2058
2521
1926
2060
2062
1928
1929
2065
1931
2067
1935
2069
1936
2076
1939
1940
2396
1941
2398
1942
2400
1943
2442
1944
2443
1945
2445
1946
2446
1950
2447
2086
2450
2087
2451
2088
2452
2089
2456
2090
2091
2458
2092
2462
2093
2463
2095
2491
2096
2492
2097
2098
2493
2099
2496
2100
2497
2102
2505
2103
2508
2106
2509
2107
2510
2108
2512
2110
2197
2198
2199
2200
2201
2202
2203
2204
1147
2205
1148
2206
1149
2207
1150
2208
1151
2209
1152
2210
1156
2211
1160
2212
1161
2213
1162
2214
1164
2215
1166
2216
1174
2401
1175
2403
1176
2405
1177
2449
1178
2457
1183
2460
1184
2464
1186
2466
1187
2470
1189
2471
1190
2473
1193
2474
1194
2475
1196
1197
2495
1519
2498
1525
2500
1527
2502
1528
2504
1531
2506
1550
2511
1555
2514
2516
1558
2519
1559
1570
1571
1573
1574
1603
1619
1634
1636
1639
1641
1642
1647
1648
1649
1654
1655
1657
1658
1662
1663
1664
1667
1671
1688
1689
1701
1730
1731
1732
1733
1735
1751
1753
1755
1757
1758
1761
1762
1764
1769
1770
1772
1777
1778
1785
1794
1816
1827
1840
1842
1845
1846
1850
1852
1855
1858
1865
1888
1951
1952
1955
1961
1964
1966
1969
1970
1975
1979
1983
1986
1988
1991
1992
1995
2000
2001
2003
2006
2018
2023
2027
2028
2029
1504
2037
1506
2042
2044
1508
1510
2046
1538
1539
2049
1542
1543
2054
1545
1549
2058
1552
1556
1560
2060
1576
1577
2062
1578
1580
1581
2069
1582
1583
2398
1590
1610
1612
2400
1616
1618
1622
2442
1635
1638
2447
1643
1646
1653
2451
1656
1659
1660
2452
1661
1665
2463
1668
1670
1709
2492
1725
1727
1743
2496
1746
1747
1748
2497
1750
1754
2508
1756
1760
1763
2512
1765
1768
1774
1779
1784
1788
1792
1796
1797
1804
1805
1808
1810
1815
1820
1821
1822
1826
1830
1833
1837
1838
1839
1847
1851
1856
1859
1862
1869
1870
1872
1873
1875
1876
1878
1879
1882
1884
1886
1958
1967
1971
1974
1976
1980
1989
1990
1993
1996
1999
2007
2009
2011
2012
2015
2017
2021
2032
2035
2038
2043
2045
2047
2051
2052
2053
2055
2056
2057
2059
2061
2063
2064
2066
2068
2070
2073
2074
2075
2094
2104
2109
2111
2112
2113
2114
2115
2116
2117
2118
2120
2121
2124
2125
2127
2128
2129
2130
2131
2132
2134
2135
2136
2137
2138
2139
2140
2141
2142
2143
2144
2145
2146
2147
2148
2149
2150
2151
2152
2153
2154
2155
2156
2157
2158
2160
2161
2162
2163
2164
2165
2217
2219
2220
2221
2223
2224
2225
2226
2227
2228
2229
2230
2231
2232
2233
2234
2235
2236
2237
2238
2239
2241
2242
2243
2362
2364
2371
2397
2467
2468
2517
2522
2523
2524
2525
2526
2527
2528
2529
2530
2531
2532
2533
2534
2535
2536
2537
2538
2539
2540
1505
1513
1509
1514
1512
1518
1515
1521
1517
1526
1524
1532
1530
1504
1506
1534
1508
1535
1510
1538
1536
1537
1539
1542
1541
1543
1540
1545
1546
1549
1552
1544
1557
1556
1560
1562
1576
1548
1577
1578
1566
1580
1561
1581
1567
1582
1563
1583
1590
1568
1610
1564
1612
1569
1616
1618
1565
1572
1622
1635
1638
1599
1575
1643
1646
1653
1579
1600
1656
1659
1594
1604
1660
1661
1598
1665
1606
1668
1605
1670
1709
1608
1607
1725
1727
1624
1611
1743
1746
1645
1747
1617
1748
1750
1650
1754
1623
1756
1652
1760
1763
1717
1625
1765
1768
1719
1774
1627
1779
1736
1784
1788
1628
1737
1792
1796
1738
1630
1797
1804
1805
1740
1808
1632
1810
1749
1815
1695
1820
1771
1821
1822
1782
1826
1698
1830
1783
1833
1837
1700
1921
1838
1839
1847
1704
1922
1851
1856
1925
1859
1708
1862
1934
1869
1710
1937
1718
1947
1949
1720
1977
1723
2004
1726
2010
1843
2013
2119
1853
2122
1854
2123
1860
2126
1864
2133
2358
1868
2359
1871
2360
1874
2361
1877
2363
2365
1880
2366
1881
2367
1923
2368
1924
2369
2370
1926
2372
1928
2399
1929
2402
1931
2404
1935
2406
2407
1936
2408
1939
2409
1940
2410
1941
2411
1942
2412
1943
2444
2448
1944
2453
1945
2454
1946
2455
1950
2459
2461
2086
2465
2087
2469
2088
2472
2089
2494
2090
2499
2501
2091
2503
2092
2507
2513
2093
2515
2095
2518
2096
2520
2521
2097
2098
2099
2100
2102
2103
2106
2107
2108
2110
2197
2198
2199
2200
2201
2202
2203
2204
2205
2206
2207
2208
2209
2210
2211
2212
2213
2214
2215
2216
2401
2403
2405
2449
2457
2460
2464
2466
2470
2471
2473
2474
2475
2495
2498
2500
2502
2504
2506
2511
2514
2516
2519
